Day,T,TM,Tm,SLP,H,PP,VV,V,VM,VG,RA,SN,TS,FG
1,,,,,,,,,,,,,,
2,,,,,,,,,,,,,,
3,,,,,,,,,,,,,,
4,,,,,,,,,,,,,,
5,16.2,18,14,1006.8,51,0,20,10.6,14.8,,,,,
6,,,,,,,,,,,,,,
7,,,,,,,,,,,,,,
8,,,,,,,,,,,,,,
9,,,,,,,,,,,,,,
10,,,,,,,,,,,,,,
11,,,,,,,,,,,,,,
12,,,,,,,,,,,,,,
13,,,,,,,,,,,,,,
14,,,,,,,,,,,,,,
15,,,,,,,,,,,,,,
16,,,,,,,,,,,,,,
17,,,,,,,,,,,,,,
18,,,,,,,,,,,,,,
19,,,,,,,,,,,,,,
20,,,,,,,,,,,,,,
21,,,,,,,,,,,,,,
22,,,,,,,,,,,,,,
23,,,,,,,,,,,,,,
24,,,,,,,,,,,,,,
25,,,,,,,,,,,,,,
26,,,,,,,,,,,,,,
27,,,,,,,,,,,,,,
28,,,,,,,,,,,,,,
29,,,,,,,,,,,,,,
30,,,,,,,,,,,,,,
31,,,,,,,,,,,,,,
